Gen ind   P      D     Cost
1   1    8148    4529   -4.657572
1   2    1270    4567   -14.810664
1   3    6324     488   -7.703135
1   4    2785    2735   -5.753000
1   5    9576    4825   -4.592769
1   6    1577    4853   -12.815766
1   7    9572    2427   -5.050859
1   8    8003     710   -7.207022
1   9    4218    4579   -5.734266
1   10    7923    4798   -4.696092
1   11    6558     179   -15.676455
1   12    8492    4670   -4.641006
1   13    6788    3789   -4.721961
1   14    7432    1962   -5.062808
1   15    6555     856   -6.213952
1   16    7061     160   -18.623171
1   17    2770     231   -7.636493
1   18     972    4118   -17.176878
1   19    6949    1586   -5.259747
1   20    9503     173   -23.326387
1   21    4388    1908   -4.895612
1   22    7656    3976   -4.667202
1   23    1869    2449   -6.833339
1   24    4456    3232   -5.049987
1   25    7094    3774   -4.696613
2   1    9576    4825   -4.592769
2   2    2770     231   -7.636493
2   3    9577    4827   -4.592743
2   4    7432    1962   -5.062808
2   5    6949    1586   -5.259747
2   6    6788    3789   -4.721961
2   7     845    2449   -12.869190
2   8    9572    2427   -5.050859
2   9    9572    2395   -5.067703
2   10    4456    3232   -5.049987
2   11    9576    4825   -4.592769
2   12    6555     856   -6.213952
2   13    4218    2531   -4.944878
2   14    9572    2363   -5.084975
2   15    7923    4798   -4.696092
2   16    4388    1908   -4.895612
2   17    7636    4529   -4.700428
2   18    6788    3789   -4.721961
2   19    6555     856   -6.213952
2   20    2770     231   -7.636493
2   21    4901    1586   -4.997922
2   22    2785    2751   -5.764603
2   23    7092    3774   -4.696753
2   24    8148    4593   -4.661070
2   25    3917    2449   -5.002783
3   1    9577    4827   -4.592743
3   2    9572    2427   -5.050859
3   3    6555     860   -6.204218
3   4    9572    2427   -5.050859
3   5    7432    1962   -5.062808
3   6    7923     702   -7.212078
3   7    2785    2751   -5.764603
3   8    4460    3232   -5.048712
3   9    7432    1962   -5.062808
3   10    6788    3789   -4.721961
3   11    2770     231   -7.636493
3   12    4448    3232   -5.052548
3   13    11628    4825   -4.573031
3   14    8148    4593   -4.661070
3   15    3827    4798   -6.186111
3   16    4456    3232   -5.049987
3   17    13672    4825   -4.619256
3   18    7636    4529   -4.700428
3   19    7636     433   -9.082120
3   20    6693    1586   -5.219633
3   21    2770     231   -7.636493
3   22    6555     856   -6.213952
3   23    4901    1586   -4.997922
3   24    9588    2363   -5.086806
3   25    7092    7870   -5.591183
4   1    11628    4825   -4.573031
4   2    3794    4798   -6.218380
4   3    6555     856   -6.213952
4   4    7923     702   -7.212078
4   5    7923     702   -7.212078
4   6    4460    3232   -5.048712
4   7    7094    7870   -5.590364
4   8    2785    2751   -5.764603
4   9    3827    6846   -7.745991
4   10    6555     860   -6.204218
4   11    4460    3232   -5.048712
4   12    11628    4857   -4.570354
4   13    9588    2363   -5.086806
4   14    11756    4825   -4.574412
4   15    8148    12785   -6.866545
4   16    11628    4825   -4.573031
4   17    13664    4825   -4.618991
4   18    4901    1586   -4.997922
4   19    4645    1586   -4.980819
4   20    7432    1962   -5.062808
4   21    11620    2427   -5.290759
4   22    6693    1586   -5.219633
4   23    13672    4825   -4.619256
4   24    9577    4827   -4.592743
4   25    11628    5849   -4.532015
5   1    11628    5849   -4.532015
5   2    13416    4825   -4.611049
5   3    13672    4825   -4.619256
5   4    11756    4825   -4.574412
5   5    11628    5849   -4.532015
5   6    4052    12529   -12.411615
5   7    3794    4798   -6.218380
5   8    6555     888   -6.138302
5   9    4901    1586   -4.997922
5   10    11628    5881   -4.532028
5   11    6181    1586   -5.143818
5   12    6693    1586   -5.219633
5   13    3798    4798   -6.214429
5   14    9588    3387   -4.720480
5   15    11628    4825   -4.573031
5   16    7094    7870   -5.590364
5   17     364    3232   -29.006094
5   18    3827    2750   -5.117330
5   19    11628    6105   -4.533676
5   20    4645    1586   -4.980819
5   21    12652    3232   -4.976511
5   22    13408    4825   -4.610802
5   23    11628    5321   -4.541361
5   24    4460    3232   -5.048712
5   25    11756    4825   -4.574412
6   1    11628    5849   -4.532015
6   2    11628    4825   -4.573031
6   3    6555     888   -6.138302
6   4    3794    4798   -6.218380
6   5    11628    4825   -4.573031
6   6    11628    5321   -4.541361
6   7    12588    3232   -4.971055
6   8    11628    5849   -4.532015
6   9    6181    1586   -5.143818
6   10    11628    4825   -4.573031
6   11    3827    2750   -5.117330
6   12    6555     888   -6.138302
6   13    7094    7870   -5.590364
6   14    3782    4798   -6.230298
6   15    11628    4825   -4.573031
6   16    6245    1586   -5.152920
6   17    6181    1586   -5.143818
6   18    6693    1584   -5.221263
6   19    11724    4313   -4.634533
6   20    3699    2750   -5.168684
6   21    13408    4761   -4.620450
6   22    11628    4825   -4.573031
6   23    4460    3232   -5.048712
6   24    6693    1586   -5.219633
6   25    6693    1586   -5.219633
7   1    11628    5849   -4.532015
7   2    11628    5849   -4.532015
7   3    6181    1586   -5.143818
7   4    11756    5321   -4.540388
7   5    3699    2750   -5.168684
7   6    11628    5849   -4.532015
7   7    11628    4825   -4.573031
7   8    11628    4825   -4.573031
7   9    6181    1586   -5.143818
7   10    6555     888   -6.138302
7   11    3827    2750   -5.117330
7   12    6693    1584   -5.221263
7   13    11628    4825   -4.573031
7   14    11628    4825   -4.573031
7   15    6693    1586   -5.219633
7   16    6555     888   -6.138302
7   17    11724    4312   -4.634689
7   18    6555     888   -6.138302
7   19    11628    4825   -4.573031
7   20    6181     562   -7.154600
7   21    6949    1586   -5.259747
7   22    11724    4313   -4.634533
7   23    3782    4798   -6.230298
7   24    11628    4825   -4.573031
7   25    3270    4798   -6.847657
8   1    11628    5849   -4.532015
8   2    11628    5849   -4.532015
8   3    11628    6105   -4.533676
8   4    6183    1842   -4.988837
8   5    11628    4825   -4.573031
8   6    11630    5849   -4.531962
8   7    6181    1650   -5.099359
8   8    11628    4825   -4.573031
8   9    11628    4859   -4.570190
8   10    6555     888   -6.138302
8   11    6437    1594   -5.174777
8   12    6693    1592   -5.214765
8   13    11752    5321   -4.540414
8   14    11596    4825   -4.572725
8   15    10604    5849   -4.570527
8   16    16364    5321   -4.633031
8   17    11628    4827   -4.572861
8   18    11628    4816   -4.573801
8   19    11724    4313   -4.634533
8   20    3270    4766   -6.819839
8   21    6693    1584   -5.221263
8   22    11628    4809   -4.574404
8   23    11628    4825   -4.573031
8   24    6693    1594   -5.213150
8   25    3436    4825   -6.643145
9   1    11630    5849   -4.531962
9   2    11628    4809   -4.574404
9   3    6693    4656   -4.844174
9   4    10604    5849   -4.570527
9   5    11628    5849   -4.532015
9   6    11628    4825   -4.573031
9   7    11628    5849   -4.532015
9   8    6180    1650   -5.099230
9   9    6436    1594   -5.174630
9   10    11374    5849   -4.539394
9   11    16364    5321   -4.633031
9   12    11628    6105   -4.533676
9   13    6183    1842   -4.988837
9   14    11596    4825   -4.572725
9   15    11628    5849   -4.532015
9   16    11724    12505   -5.446692
9   17    11628    4859   -4.570190
9   18    11628    5849   -4.532015
9   19    6149    1650   -5.095225
9   20    6693    1592   -5.214765
9   21    11628    1753   -5.896848
9   22    6437    1594   -5.174777
9   23    6183    1842   -4.988837
9   24    11628    4825   -4.573031
9   25    11628    4827   -4.572861
10   1    11630    5849   -4.531962
10   2    6661    1650   -5.164999
10   3    11628    4809   -4.574404
10   4    6436    1650   -5.133393
10   5    16364    5321   -4.633031
10   6    11628    4825   -4.573031
10   7    11628    5849   -4.532015
10   8    11756    4809   -4.575863
10   9    16364    5321   -4.633031
10   10    6183    1842   -4.988837
10   11    6693    4656   -4.844174
10   12    16364    5321   -4.633031
10   13    11628    4827   -4.572861
10   14    11628    5849   -4.532015
10   15    11628    5849   -4.532015
10   16    11628    6105   -4.533676
10   17    11628    5849   -4.532015
10   18    7207    1842   -5.107566
10   19    6148    1650   -5.095096
10   20    11630    5849   -4.531962
10   21    11628    5849   -4.532015
10   22    11596    4825   -4.572725
10   23    11628    5849   -4.532015
10   24    6693    4656   -4.844174
10   25    6693    1720   -5.120712
11   1    11630    5849   -4.531962
11   2    11628    4809   -4.574404
11   3    11630    5849   -4.531962
11   4    10604    5849   -4.570527
11   5    11628    5833   -4.532029
11   6    6148    1778   -5.018554
11   7    6701    4656   -4.842752
11   8    11628    5849   -4.532015
11   9    11374    5849   -4.539394
11   10    11628     729   -8.554832
11   11    11628    4827   -4.572861
11   12    11628    5849   -4.532015
11   13    10604    4809   -4.572501
11   14    11756    4809   -4.575863
11   15    11630    5337   -4.540654
11   16    11564    4825   -4.572433
11   17    11628    4827   -4.572861
11   18    11628    5849   -4.532015
11   19    12268    5321   -4.539119
11   20    10604    5849   -4.570527
11   21    6693    4656   -4.844174
11   22    7207    1842   -5.107566
11   23    6436    1650   -5.133393
11   24    16364    5321   -4.633031
11   25    11628    4825   -4.573031
12   1    11630    5849   -4.531962
12   2    11628    5849   -4.532015
12   3    6701    4656   -4.842752
12   4    11628    1753   -5.896848
12   5    6148    1778   -5.018554
12   6    6436    1650   -5.133393
12   7    11630    5337   -4.540654
12   8    11564    5833   -4.533730
12   9    11628    4809   -4.574404
12   10    11628    4827   -4.572861
12   11    11628    4827   -4.572861
12   12    12268    5321   -4.539119
12   13    11374    6105   -4.543302
12   14    11756    4809   -4.575863
12   15    11580    4825   -4.572577
12   16    11628    5849   -4.532015
12   17    11374    5849   -4.539394
12   18    11630    5849   -4.531962
12   19    16364    5321   -4.633031
12   20    12268    5321   -4.539119
12   21    11628    5849   -4.532015
12   22    10604    5849   -4.570527
12   23    6436    1650   -5.133393
12   24    11756    5065   -4.555365
12   25    6693    4656   -4.844174
13   1    11630    5849   -4.531962
13   2    6701    4656   -4.842752
13   3    11628    4827   -4.572861
13   4    11564    5833   -4.533730
13   5    11756    5065   -4.555365
13   6    11756    5097   -4.553201
13   7    12140    5321   -4.539064
13   8    12268    5321   -4.539119
13   9    11630    5849   -4.531962
13   10    11628    4841   -4.571681
13   11    10604    4825   -4.571794
13   12    11628    5849   -4.532015
13   13    11630    5849   -4.531962
13   14    3436    4827   -6.644755
13   15    16364    5321   -4.633031
13   16    11628    5849   -4.532015
13   17    11580    4827   -4.572411
13   18    11622    5337   -4.540729
13   19    11374    5849   -4.539394
13   20    11628    5849   -4.532015
13   21    11628    5851   -4.532014
13   22    6436    1650   -5.133393
13   23    16364    5353   -4.627762
13   24    11628    5849   -4.532015
13   25    11628    4809   -4.574404
14   1    11630    5849   -4.531962
14   2    11628    5851   -4.532014
14   3    11630    14041   -5.788561
14   4    11628    5851   -4.532014
14   5    6701    4658   -4.843102
14   6    11622    5337   -4.540729
14   7    11630    5849   -4.531962
14   8    11756    5097   -4.553201
14   9    11630    5849   -4.531962
14   10    11628    5849   -4.532015
14   11    11626    5849   -4.532068
14   12    11628    5337   -4.540673
14   13    11644    5849   -4.531594
14   14    11756    4841   -4.572984
14   15    11628    5849   -4.532015
14   16    11630    5849   -4.531962
14   17    11628    4809   -4.574404
14   18    16364    5353   -4.627762
14   19    11628    4841   -4.571681
14   20    11628    5849   -4.532015
14   21    15724    5849   -4.539857
14   22    11622    5337   -4.540729
14   23    11756    4585   -4.598669
14   24    11756    5097   -4.553201
14   25    11372    4827   -4.570873
15   1    11644    5849   -4.531594
15   2    11644    5849   -4.531594
15   3    11756    4585   -4.598669
15   4    11628    5851   -4.532014
15   5    11628    5849   -4.532015
15   6    11756    4841   -4.572984
15   7    9582    5849   -4.637184
15   8    11628    5851   -4.532014
15   9    11628    5337   -4.540673
15   10    11620    5851   -4.532227
15   11    11756    4329   -4.633023
15   12    11628    5849   -4.532015
15   13    15724    5849   -4.539857
15   14    11628    5849   -4.532015
15   15    11644    5849   -4.531594
15   16    11628    5849   -4.532015
15   17    11372    4827   -4.570873
15   18    11646    5849   -4.531541
15   19    11756    5865   -4.528711
15   20    11628    4809   -4.574404
15   21    11628    4841   -4.571681
15   22    11756    4969   -4.562380
15   23    11622    5337   -4.540729
15   24    11628    5849   -4.532015
15   25    15724    5849   -4.539857
16   1    11756    5865   -4.528711
16   2    15726    5849   -4.539901
16   3    11644    5848   -4.531595
16   4    11372    4827   -4.570873
16   5    11372    5851   -4.539475
16   6    11756    4585   -4.598669
16   7    11500    4827   -4.571738
16   8    11628    5851   -4.532014
16   9    11628    5337   -4.540673
16   10    11622    5337   -4.540729
16   11    11628    5849   -4.532015
16   12    11644    5849   -4.531594
16   13    11756    5865   -4.528711
16   14    11628    5849   -4.532015
16   15    11644    5849   -4.531594
16   16    11756    5865   -4.528711
16   17    11622    5337   -4.540729
16   18    11628    1755   -5.894515
16   19    11646    5833   -4.531565
16   20    11628    5849   -4.532015
16   21    11372    4827   -4.570873
16   22    11628    4809   -4.574404
16   23    11372    4827   -4.570873
16   24    11628    5849   -4.532015
16   25    11628    5883   -4.532031
17   1    11756    5865   -4.528711
17   2    11644    5841   -4.531603
17   3    11628    5721   -4.532522
17   4    11756    5865   -4.528711
17   5    11628    5849   -4.532015
17   6    11620    4809   -4.574321
17   7    11628    4809   -4.574404
17   8    15726    5337   -4.607385
17   9    11644    5785   -4.531769
17   10    11628    5883   -4.532031
17   11    11500    4827   -4.571738
17   12    11644    5849   -4.531594
17   13    11372    4827   -4.570873
17   14    11372    4827   -4.570873
17   15    11622    5337   -4.540729
17   16    11646    5833   -4.531565
17   17    11372    4827   -4.570873
17   18    11623    5337   -4.540719
17   19    11388    4827   -4.570967
17   20    11646    5833   -4.531565
17   21    11628    5849   -4.532015
17   22    11500    4827   -4.571738
17   23    11622    5337   -4.540729
17   24    11628    5849   -4.532015
17   25    11628    5833   -4.532029
18   1    11756    5865   -4.528711
18   2    11644    5841   -4.531603
18   3    11756    5865   -4.528711
18   4    15726    5337   -4.607385
18   5    11372    4827   -4.570873
18   6    11756    5865   -4.528711
18   7    11500    4827   -4.571738
18   8    11372    4827   -4.570873
18   9    11622    5337   -4.540729
18   10    11500    4827   -4.571738
18   11    11628    4859   -4.570190
18   12    11622    5339   -4.540645
18   13    11628    4809   -4.574404
18   14    11622    13529   -5.684224
18   15    11372    5849   -4.539458
18   16    11628    5833   -4.532029
18   17    11372    4827   -4.570873
18   18    11756    5865   -4.528711
18   19    11380    4827   -4.570919
18   20    11630    5883   -4.531976
18   21    11628    5849   -4.532015
18   22    11622    5337   -4.540729
18   23    11644    5825   -4.531633
18   24    11644    5329   -4.540873
18   25    11620    4297   -4.633865
19   1    11756    5865   -4.528711
19   2    11644    5841   -4.531603
19   3    11628    5849   -4.532015
19   4    11644    5825   -4.531633
19   5    11628    4809   -4.574404
19   6    11372    5849   -4.539458
19   7    11630    5883   -4.531976
19   8    11644    5824   -4.531636
19   9    11500    4827   -4.571738
19   10    11644    5841   -4.531603
19   11    11630    5833   -4.531977
19   12    11374    4827   -4.570884
19   13    11628     713   -8.659350
19   14    11622    5337   -4.540729
19   15    11756    5865   -4.528711
19   16    11492    4827   -4.571677
19   17    15726    5337   -4.607385
19   18    11756    5865   -4.528711
19   19    11500    4827   -4.571738
19   20    11756    5865   -4.528711
19   21    11756    5865   -4.528711
19   22    11756    5865   -4.528711
19   23    15726    5337   -4.607385
19   24    11372    4827   -4.570873
19   25    11628    5833   -4.532029
20   1    11756    5865   -4.528711
20   2    11500    4827   -4.571738
20   3    11644    5841   -4.531603
20   4    11628    4809   -4.574404
20   5    3564    5865   -7.329725
20   6    11628    5865   -4.532015
20   7    11372    5849   -4.539458
20   8    11644    5824   -4.531636
20   9    11500    4827   -4.571738
20   10    11622    5337   -4.540729
20   11    11372    4809   -4.572237
20   12    11756    5865   -4.528711
20   13    11372    5849   -4.539458
20   14    11372    4827   -4.570873
20   15    11756    5737   -4.529664
20   16    11500    4827   -4.571738
20   17    11756    5865   -4.528711
20   18    11756    5865   -4.528711
20   19    11622    5337   -4.540729
20   20    11756    5865   -4.528711
20   21    11622    5337   -4.540729
20   22    11628    5849   -4.532015
20   23    11628    4809   -4.574404
20   24    11630    5833   -4.531977
20   25    11630    5883   -4.531976
21   1    11756    5865   -4.528711
21   2    11756    5865   -4.528711
21   3    15726    5883   -4.536035
21   4    11756    5865   -4.528711
21   5    11622    5337   -4.540729
21   6    11644    7872   -4.661845
21   7    11372    5865   -4.539601
21   8    11630    5833   -4.531977
21   9    11644    5824   -4.531636
21   10    11372    4809   -4.572237
21   11    11628    4809   -4.574404
21   12    11644    5841   -4.531603
21   13    11372    5849   -4.539458
21   14    11756    5881   -4.528656
21   15    11308    4827   -4.570540
21   16    11372    5849   -4.539458
21   17    11644    5841   -4.531603
21   18    11628    5849   -4.532015
21   19    11756    5737   -4.529664
21   20    11756    5737   -4.529664
21   21    11372    4808   -4.572314
21   22    11500    4827   -4.571738
21   23    11500    4827   -4.571738
21   24    11628    5881   -4.532028
21   25    11756    5865   -4.528711
22   1    11756    5881   -4.528656
22   2    15726    5883   -4.536035
22   3    11596    5849   -4.532873
22   4    11500    4827   -4.571738
22   5    11580    5841   -4.533302
22   6    11372    4808   -4.572314
22   7    11628    5881   -4.532028
22   8    11620    5337   -4.540748
22   9    11372    4808   -4.572314
22   10    11644    7872   -4.661845
22   11    11622    5337   -4.540729
22   12    11756    5865   -4.528711
22   13    11756    5737   -4.529664
22   14    11756    5881   -4.528656
22   15    11500    4826   -4.571818
22   16    11308    4827   -4.570540
22   17    11630    5833   -4.531977
22   18    11756    5737   -4.529664
22   19    11756    5865   -4.528711
22   20    11628    4681   -4.586230
22   21    11372    4808   -4.572314
22   22    11620    5337   -4.540748
22   23    11756    5865   -4.528711
22   24    11372    5849   -4.539458
22   25    11756    5867   -4.528703
23   1    11756    5881   -4.528656
23   2    11500    5849   -4.535568
23   3    11756    5881   -4.528656
23   4    11724    5867   -4.529502
23   5    11756    5881   -4.528656
23   6    11756    5737   -4.529664
23   7    11628    5881   -4.532028
23   8    11580    5841   -4.533302
23   9    11372    4808   -4.572314
23   10    11752    5865   -4.528809
23   11    11756    5867   -4.528703
23   12    11628    5337   -4.540673
23   13    11756    5865   -4.528711
23   14    11500    4826   -4.571818
23   15    11748    5737   -4.529826
23   16    11372    5849   -4.539458
23   17    11580    5841   -4.533302
23   18    11756    5865   -4.528711
23   19    11756    5865   -4.528711
23   20    11756    5881   -4.528656
23   21    11756    5881   -4.528656
23   22    11372    4808   -4.572314
23   23    15726    5883   -4.536035
23   24    11500    4826   -4.571818
23   25    11620    5337   -4.540748
24   1    11756    5881   -4.528656
24   2    11621    5337   -4.540738
24   3    11756    5737   -4.529664
24   4    11756    4841   -4.572984
24   5    11724    5739   -4.530301
24   6    11756    5867   -4.528703
24   7    11372    5848   -4.539449
24   8    11596    5867   -4.532893
24   9    11372    5849   -4.539458
24   10    11756    5867   -4.528703
24   11    11492    4826   -4.571756
24   12    11756    5867   -4.528703
24   13    11725    5867   -4.529477
24   14    11500    6105   -4.538356
24   15    10604    5881   -4.571741
24   16    15470    5883   -4.530840
24   17    11372    4840   -4.569905
24   18    11756    5865   -4.528711
24   19    11756    5865   -4.528711
24   20    11372    5849   -4.539458
24   21    11748    5737   -4.529826
24   22    11756    5881   -4.528656
24   23    11628    5881   -4.532028
24   24    11372    5849   -4.539458
24   25    11756    5881   -4.528656
25   1    11756    5881   -4.528656
25   2    11372    5849   -4.539458
25   3    11756    5867   -4.528703
25   4    11628    5867   -4.532016
25   5    11372    5881   -4.539757
25   6    11756    5865   -4.528711
25   7    11756    5867   -4.528703
25   8    11500    6105   -4.538356
25   9    11756    5864   -4.528715
25   10    11500    6105   -4.538356
25   11    11756    5865   -4.528711
25   12    11756    5881   -4.528656
25   13    11500    6105   -4.538356
25   14    11756    5867   -4.528703
25   15    11756    5737   -4.529664
25   16    11756    5881   -4.528656
25   17    11372    5849   -4.539458
25   18    15470    5883   -4.530840
25   19    11756    5865   -4.528711
25   20    11756    5865   -4.528711
25   21    10348    5848   -4.584161
25   22    11372    5849   -4.539458
25   23    11372    5849   -4.539458
25   24    10604    5881   -4.571741
25   25    11756    5881   -4.528656
26   1    11756    5881   -4.528656
26   2    11500    6105   -4.538356
26   3    15852    5864   -4.540966
26   4    11500    6105   -4.538356
26   5    11756    5865   -4.528711
26   6    11372    5851   -4.539475
26   7    10604    5881   -4.571741
26   8    10604    5881   -4.571741
26   9    10348    5880   -4.585701
26   10    11500    6105   -4.538356
26   11    10348    5848   -4.584161
26   12    11756    5865   -4.528711
26   13    11756    5881   -4.528656
26   14    11756    5737   -4.529664
26   15    11756    5883   -4.528650
26   16    11758    5864   -4.528666
26   17    15470    5883   -4.530840
26   18    10604    5865   -4.571127
26   19    11756    5737   -4.529664
26   20    11756    5867   -4.528703
26   21    11628    5867   -4.532016
26   22    11340    5881   -4.540819
26   23    11756    5865   -4.528711
26   24    15470    5883   -4.530840
26   25    11756    5881   -4.528656
27   1    11756    5883   -4.528650
27   2    15470    5875   -4.531695
27   3    11758    5864   -4.528666
27   4    11500    5881   -4.535725
27   5    11756    5881   -4.528656
27   6    15470    5883   -4.530840
27   7    11756    5881   -4.528656
27   8    11756    5883   -4.528650
27   9    10604    5881   -4.571741
27   10    11756    5737   -4.529664
27   11    15852    5864   -4.540966
27   12    11372    5851   -4.539475
27   13    11500    6105   -4.538356
27   14    11756    5867   -4.528703
27   15    15436    5881   -4.530397
27   16    10476    5880   -4.578474
27   17    11758    5864   -4.528666
27   18    15852    5864   -4.540966
27   19    10604    5857   -4.570825
27   20    11372    5851   -4.539475
27   21    15468    5883   -4.530801
27   22    11756    5737   -4.529664
27   23    11756    5865   -4.528711
27   24    15470    5883   -4.530840
27   25    11628    5867   -4.532016
28   1    11756    5883   -4.528650
28   2    11756    5867   -4.528703
28   3    11724    5883   -4.529466
28   4    15470    5883   -4.530840
28   5    15436    5881   -4.530397
28   6    11758    5864   -4.528666
28   7    15852    5864   -4.540966
28   8    9324    5851   -4.659909
28   9    10476    5880   -4.578474
28   10    15852    5864   -4.540966
28   11    15726    5875   -4.536938
28   12    11756    5865   -4.528711
28   13    11308    5851   -4.541552
28   14    11756    5883   -4.528650
28   15    15468    1787   -6.524201
28   16    11756    5883   -4.528650
28   17    11372    5851   -4.539475
28   18    10540    5857   -4.574096
28   19    11500    5881   -4.535725
28   20    15470    5875   -4.531695
28   21    11758    5864   -4.528666
28   22    11772    5883   -4.528249
28   23    11724    5737   -4.530321
28   24    11756    5865   -4.528711
28   25    10604    5881   -4.571741
29   1    11772    5883   -4.528249
29   2    11308    4827   -4.570540
29   3    10540    5857   -4.574096
29   4    10476    5864   -4.577780
29   5    15468    1787   -6.524201
29   6    15852    5867   -4.540616
29   7    10540    5857   -4.574096
29   8    11724    5883   -4.529466
29   9    15470    5883   -4.530840
29   10    11724    5883   -4.529466
29   11    10540    5729   -4.569402
29   12    11308    5851   -4.541552
29   13    11756    5883   -4.528650
29   14    11628    5881   -4.532028
29   15    11372    5851   -4.539475
29   16    15852    5864   -4.540966
29   17    11756    5865   -4.528711
29   18    15852    5864   -4.540966
29   19    11724    5867   -4.529502
29   20    15436    5849   -4.533820
29   21    11758    5864   -4.528666
29   22    11772    5883   -4.528249
29   23    11468    5737   -4.536284
29   24    9324    5851   -4.659909
29   25    15726    5875   -4.536938
30   1    11772    5883   -4.528249
30   2    15852    5864   -4.540966
30   3    10540    5729   -4.569402
30   4    15470    5883   -4.530840
30   5    15852    5864   -4.540966
30   6    10476    5864   -4.577780
30   7    11724    5883   -4.529466
30   8    11772    5883   -4.528249
30   9    11758    5868   -4.528650
30   10    11628    5881   -4.532028
30   11    15468    1787   -6.524201
30   12    15726    5875   -4.536938
30   13    11724    5883   -4.529466
30   14    9676    5883   -4.632233
30   15    11724    5883   -4.529466
30   16    14828    5867   -4.521450
30   17    3564    5865   -7.329725
30   18    11628    1785   -5.859927
30   19    15436    5849   -4.533820
30   20    15470    5883   -4.530840
30   21    10476    5864   -4.577780
30   22    11308    5083   -4.554825
30   23    11308    5851   -4.541552
30   24    10476    5864   -4.577780
30   25    15470    5883   -4.530840
31   1    14828    5867   -4.521450
31   2    15436    5849   -4.533820
31   3    11644    5883   -4.531591
31   4    9676    5883   -4.632233
31   5    11758    5870   -4.528643
31   6    10476    5864   -4.577780
31   7    11308    5083   -4.554825
31   8    11758    5868   -4.528650
31   9    15436    5833   -4.535556
31   10    11308    5083   -4.554825
31   11    11724    5883   -4.529466
31   12    15470    5883   -4.530840
31   13    15852    5864   -4.540966
31   14    10476    5864   -4.577780
31   15    15852    5864   -4.540966
31   16    11628    1785   -5.859927
31   17    11308    5083   -4.554825
31   18    11758    5884   -4.528596
31   19    10476    5832   -4.576430
31   20    11772    5883   -4.528249
31   21    11724    5883   -4.529466
31   22    11628    5881   -4.532028
31   23    9676    5883   -4.632233
31   24    11740    5883   -4.529055
31   25    10748    5883   -4.564713
32   1    14828    5867   -4.521450
32   2    11628    5113   -4.552151
32   3    15470    5883   -4.530840
32   4    15852    5864   -4.540966
32   5    15470    5883   -4.530840
32   6    10476    5864   -4.577780
32   7    11628    5881   -4.532028
32   8    11628    5881   -4.532028
32   9    11308    5087   -4.554624
32   10    14700    5867   -4.519637
32   11    15852    5864   -4.540966
32   12    14828    5865   -4.521634
32   13    9676    5883   -4.632233
32   14    14828    5867   -4.521450
32   15    9676    5875   -4.631609
32   16    15436    5833   -4.535556
32   17    15852    5864   -4.540966
32   18    10476    5832   -4.576430
32   19    11308    5083   -4.554825
32   20    11644    5882   -4.531590
32   21    11724    5883   -4.529466
32   22    15436    1753   -6.570305
32   23    11758    5836   -4.528800
32   24    11772    5883   -4.528249
32   25    15470    5883   -4.530840
33   1    14700    5867   -4.519637
33   2    11628    5881   -4.532028
33   3    15852    5832   -4.544735
33   4    11724    5883   -4.529466
33   5    11758    5836   -4.528800
33   6    8652    5883   -4.736383
33   7    10476    5832   -4.576430
33   8    14828    5803   -4.527470
33   9    11308    6111   -4.546181
33   10    10476    5864   -4.577780
33   11    10476    5832   -4.576430
33   12    14828    5867   -4.521450
33   13    11628    5881   -4.532028
33   14    15852    5864   -4.540966
33   15    15852    5864   -4.540966
33   16    15596    5864   -4.535432
33   17    14828    5867   -4.521450
33   18    10476    6088   -4.588711
33   19    11308    6107   -4.546083
33   20    11564    5113   -4.552251
33   21    11309    5083   -4.554820
33   22    15852    5864   -4.540966
33   23    14828    5865   -4.521634
33   24    15470    5883   -4.530840
33   25    11724    5867   -4.529502
34   1    14700    5867   -4.519637
34   2    15852    5868   -4.540499
34   3    15852    5866   -4.540732
34   4    10476    5864   -4.577780
34   5    14828    5867   -4.521450
34   6    10604    5881   -4.571741
34   7    14828    5803   -4.527470
34   8    15852    5864   -4.540966
34   9    15852    5880   -4.539106
34   10    15852    5864   -4.540966
34   11    15852    5848   -4.542842
34   12    10700    5883   -4.567021
34   13    11309    5083   -4.554820
34   14    11724    5883   -4.529466
34   15    15532    5864   -4.534120
34   16    11630    5881   -4.531973
34   17    11308    6107   -4.546083
34   18    11628    5881   -4.532028
34   19    10476    5832   -4.576430
34   20    11309    4827   -4.570545
34   21    14828    5865   -4.521634
34   22    11620    5881   -4.532250
34   23    15852    5864   -4.540966
34   24    11628    5881   -4.532028
34   25    11628    5881   -4.532028
35   1    14700    5867   -4.519637
35   2    10476    5864   -4.577780
35   3    15532    5864   -4.534120
35   4    11756    5880   -4.528659
35   5    15852    5868   -4.540499
35   6    10700    6139   -4.577730
35   7    11620    5881   -4.532250
35   8    15852    5868   -4.540499
35   9    15852    5864   -4.540966
35   10    11309    5083   -4.554820
35   11    15852    5866   -4.540732
35   12    11628    5881   -4.532028
35   13    11756    5881   -4.528656
35   14    15532    5864   -4.534120
35   15    10476    5832   -4.576430
35   16    11309    4827   -4.570545
35   17    15852    5866   -4.540732
35   18    11620    5880   -4.532248
35   19    14700    1771   -6.415048
35   20    11309    5075   -4.555228
35   21    11628    5881   -4.532028
35   22    15534    5864   -4.534161
35   23    10476    5832   -4.576430
35   24    15852    5864   -4.540966
35   25    11725    5883   -4.529440
36   1    14700    5867   -4.519637
36   2    15852    5868   -4.540499
36   3    11624    5881   -4.532139
36   4    15852    5868   -4.540499
36   5    11620    14072   -5.797739
36   6    11756    1785   -5.882230
36   7    10476    5832   -4.576430
36   8    10476    5864   -4.577780
36   9    10476    5832   -4.576430
36   10    11756    5880   -4.528659
36   11    11756    5880   -4.528659
36   12    3533    5883   -7.394478
36   13    15534    5880   -4.532419
36   14    14700    6123   -4.498874
36   15    11309    4827   -4.570545
36   16    15532    5864   -4.534120
36   17    15598    5864   -4.535474
36   18    15852    5864   -4.540966
36   19    15532    14056   -5.061926
36   20    10596    5880   -4.572112
36   21    15852    5864   -4.540966
36   22    11821    4827   -4.575020
36   23    15853    6120   -4.513173
36   24    15532    5864   -4.534120
36   25    15852    5868   -4.540499
37   1    14700    6123   -4.498874
37   2    15853    6088   -4.516426
37   3    11620    5880   -4.532248
37   4    15853    6120   -4.513173
37   5    13484    5864   -4.510397
37   6    15852    14060   -5.024360
37   7    11756    5880   -4.528659
37   8    10476    5824   -4.576100
37   9    11756    5880   -4.528659
37   10    15852    5864   -4.540966
37   11    10604    5880   -4.571702
37   12    15854    5864   -4.541011
37   13    11309    4827   -4.570545
37   14    14700    6123   -4.498874
37   15    10476    5832   -4.576430
37   16    14700    6123   -4.498874
37   17    15852    5864   -4.540966
37   18    15532    5864   -4.534120
37   19    10476    5832   -4.576430
37   20    15598    5864   -4.535474
37   21    14700    6122   -4.498947
37   22    11756    5880   -4.528659
37   23    15852    5868   -4.540499
37   24    10476    5832   -4.576430
37   25    15528    14056   -5.062414
38   1    14700    6123   -4.498874
38   2    10476    5832   -4.576430
38   3    15852    6088   -4.516408
38   4    15853    6088   -4.516426
38   5    11756    5880   -4.528659
38   6    10604    6123   -4.582655
38   7    11756    5880   -4.528659
38   8    15854    5864   -4.541011
38   9    10476    5824   -4.576100
38   10    14444    6123   -4.497327
38   11    15853    6088   -4.516426
38   12    15852    5864   -4.540966
38   13    10476    5832   -4.576430
38   14    10476    5832   -4.576430
38   15    15660    5868   -4.536324
38   16    15528    14056   -5.062414
38   17    10540    5880   -4.575033
38   18    14700    6123   -4.498874
38   19    10472    5824   -4.576310
38   20    15404    5864   -4.531584
38   21    10476    5824   -4.576100
38   22    10476    5824   -4.576100
38   23    15853    5864   -4.540988
38   24    11565    4826   -4.572360
38   25    14716    6123   -4.498991
39   1    14444    6123   -4.497327
39   2    10540    5880   -4.575033
39   3    15660    5868   -4.536324
39   4    15852    5864   -4.540966
39   5    14830    5864   -4.521756
39   6    14444    6123   -4.497327
39   7    14700    6139   -4.497707
39   8    11756    5880   -4.528659
39   9    10472    5824   -4.576310
39   10    15854    5864   -4.541011
39   11    14700    6123   -4.498874
39   12    11756    6088   -4.529191
39   13    15660    5868   -4.536324
39   14    11500    5824   -4.535486
39   15    10604    6123   -4.582655
39   16    15660    5868   -4.536324
39   17    10476    5824   -4.576100
39   18    15852    6088   -4.516408
39   19    15852    5880   -4.539106
39   20    11628    5880   -4.532027
39   21    15660    5868   -4.536324
39   22    10476    5833   -4.576471
39   23    11756    5880   -4.528659
39   24    15660    5868   -4.536324
39   25    10476    5824   -4.576100
40   1    14444    6123   -4.497327
40   2    14700    6139   -4.497707
40   3    11628    5880   -4.532027
40   4    11500    5824   -4.535486
40   5    11500    5824   -4.535486
40   6    10604    6091   -4.581040
40   7    11500    5880   -4.535719
40   8    11756    6088   -4.529191
40   9    11756    6088   -4.529191
40   10    14692    6139   -4.497652
40   11    15660    5868   -4.536324
40   12    15852    5752   -4.554450
40   13    15660    5836   -4.539943
40   14    10476    5832   -4.576430
40   15    14700    6123   -4.498874
40   16    10472    5824   -4.576310
40   17    15660    5868   -4.536324
40   18    15660    5868   -4.536324
40   19    10472    5824   -4.576310
40   20    10476    5833   -4.576471
40   21    11756    5880   -4.528659
40   22    11692    5880   -4.530304
40   23    14700    6123   -4.498874
40   24    10540    5880   -4.575033
40   25    14444    6123   -4.497327
41   1    14444    6123   -4.497327
41   2    11756    5880   -4.528659
41   3    14700    6139   -4.497707
41   4    10476    5833   -4.576471
41   5    14700    6123   -4.498874
41   6    11756    6088   -4.529191
41   7    10476    5833   -4.576471
41   8    10540    5880   -4.575033
41   9    11756    6088   -4.529191
41   10    11500    5824   -4.535486
41   11    10344    5824   -4.583265
41   12    11692    5880   -4.530304
41   13    11756    5880   -4.528659
41   14    14444    5867   -4.516443
41   15    14568    5832   -4.520948
41   16    11628    1784   -5.861066
41   17    11628    5880   -4.532027
41   18    11756    5882   -4.528653
41   19    10476    5849   -4.577140
41   20    9452    5880   -4.650929
41   21    11756    5880   -4.528659
41   22    15852    5752   -4.554450
41   23    10604    6107   -4.581841
41   24    15660    6124   -4.509704
41   25    15660    1772   -6.580000
42   1    14444    6123   -4.497327
42   2    11628    1784   -5.861066
42   3    11500    5824   -4.535486
42   4    11692    5880   -4.530304
42   5    10604    6107   -4.581841
42   6    14572    5833   -4.520914
42   7    11756    5880   -4.528659
42   8    14444    5867   -4.516443
42   9    11756    5880   -4.528659
42   10    15660    6124   -4.509704
42   11    10476    5833   -4.576471
42   12    10476    5849   -4.577140
42   13    11756    5882   -4.528653
42   14    14568    5832   -4.520948
42   15    14700    6139   -4.497707
42   16    9452    5880   -4.650929
42   17    9708    5880   -4.629448
42   18    11756    6088   -4.529191
42   19    15660    6124   -4.509704
42   20    10476    5849   -4.577140
42   21    10476    5849   -4.577140
42   22    11756    5882   -4.528653
42   23    11756    5880   -4.528659
42   24    11756    1784   -5.883383
42   25    11692    5880   -4.530304
43   1    14444    6123   -4.497327
43   2    14572    5833   -4.520914
43   3    11692    5880   -4.530304
43   4    11116    6107   -4.554613
43   5    11500    5824   -4.535486
43   6    9708    5848   -4.627026
43   7    11756    6088   -4.529191
43   8    11756    5880   -4.528659
43   9    11692    5880   -4.530304
43   10    10476    5849   -4.577140
43   11    15788    6124   -4.511708
43   12    11756    1786   -5.881077
43   13    11500    5824   -4.535486
43   14    10476    5849   -4.577140
43   15    14572    5833   -4.520914
43   16    14440    6123   -4.497308
43   17    10604    6139   -4.583481
43   18    11756    6088   -4.529191
43   19    15660    6124   -4.509704
43   20    9452    5880   -4.650929
43   21    10476    5833   -4.576471
43   22    9452    5880   -4.650929
43   23    11756    1784   -5.883383
43   24    11692    5880   -4.530304
43   25    14700    6139   -4.497707
44   1    14440    6123   -4.497308
44   2    14441    6123   -4.497313
44   3    11756    6088   -4.529191
44   4    9708    5848   -4.627026
44   5    14572    5833   -4.520914
44   6    9452    5848   -4.648126
44   7    10476    5832   -4.576430
44   8    14440    6123   -4.497308
44   9    9708    5848   -4.627026
44   10    11500    5824   -4.535486
44   11    11692    5880   -4.530304
44   12    10476    5849   -4.577140
44   13    9452    5880   -4.650929
44   14    11500    5824   -4.535486
44   15    11756    6088   -4.529191
44   16    11116    6107   -4.554613
44   17    10472    5849   -4.577354
44   18    15660    6125   -4.509608
44   19    11692    5880   -4.530304
44   20    11500    5824   -4.535486
44   21    14700    6138   -4.497779
44   22    10604    6139   -4.583481
44   23    10572    6139   -4.585455
44   24    14444    6123   -4.497327
44   25    15756    6124   -4.511196
45   1    14440    6123   -4.497308
45   2    11756    6088   -4.529191
45   3    14441    6123   -4.497313
45   4    14440    6115   -4.497846
45   5    15756    6124   -4.511196
45   6    9452    5784   -4.642680
45   7    14444    6123   -4.497327
45   8    10476    5832   -4.576430
45   9    10476    5849   -4.577140
45   10    14568    6123   -4.497998
45   11    10572    6139   -4.585455
45   12    10476    5833   -4.576471
45   13    14572    5833   -4.520914
45   14    14440    6123   -4.497308
45   15    11500    5824   -4.535486
45   16    15756    6124   -4.511196
45   17    8684    5848   -4.727946
45   18    8424    5849   -4.761692
45   19    10344    6123   -4.599405
45   20    15652    6125   -4.509487
45   21    11500    6080   -4.537930
45   22    11756    6088   -4.529191
45   23    9444    5848   -4.648825
45   24    14441    6123   -4.497313
45   25    14700    6138   -4.497779
46   1    14440    6123   -4.497308
46   2    8424    5849   -4.761692
46   3    12393    6123   -4.512160
46   4    14440    6123   -4.497308
46   5    14440    6123   -4.497308
46   6    14568    6123   -4.497998
46   7    11756    6088   -4.529191
46   8    15756    6124   -4.511196
46   9    11500    5824   -4.535486
46   10    14572    5833   -4.520914
46   11    11500    6096   -4.538199
46   12    14568    6123   -4.497998
46   13    10476    1737   -5.715011
46   14    14700    6138   -4.497779
46   15    12268    6088   -4.515251
46   16    9452    5784   -4.642680
46   17    15756    6124   -4.511196
46   18    9444    5850   -4.648999
46   19    14440    6123   -4.497308
46   20    14572    5833   -4.520914
46   21    15756    6124   -4.511196
46   22    11500    5832   -4.535509
46   23    15756    5612   -4.569773
46   24    10344    6123   -4.599405
46   25    11500    6080   -4.537930
47   1    14440    6123   -4.497308
47   2    11500    5824   -4.535486
47   3    15628    6124   -4.509222
47   4    8428    5849   -4.761146
47   5    14568    5833   -4.520861
47   6    14584    6123   -4.498096
47   7    15756    6124   -4.511196
47   8    14440    6123   -4.497308
47   9    14568    6123   -4.497998
47   10    11244    6088   -4.548333
47   11    9452    5776   -4.642013
47   12    9452    5784   -4.642680
47   13    9444    5850   -4.648999
47   14    12393    6123   -4.512160
47   15    11756    6088   -4.529191
47   16    9444    5850   -4.648999
47   17    14700    6138   -4.497779
47   18    9452    5784   -4.642680
47   19    11500    8144   -4.711406
47   20    11492    5850   -4.535805
47   21    12269    6088   -4.515229
47   22    14572    5833   -4.520914
47   23    10476    1737   -5.715011
47   24    14572    5833   -4.520914
47   25    14700    6142   -4.497490
48   1    14440    6123   -4.497308
48   2    14572    5833   -4.520914
48   3    9452    5784   -4.642680
48   4    11492    5850   -4.535805
48   5    14568    5833   -4.520861
48   6    14700    6138   -4.497779
48   7    14440    6123   -4.497308
48   8    9444    5850   -4.648999
48   9    13417    6123   -4.498031
48   10    14572    5833   -4.520914
48   11    11500    8144   -4.711406
48   12    11492    5850   -4.535805
48   13    14572    5833   -4.520914
48   14    10476    1737   -5.715011
48   15    14568    6123   -4.497998
48   16    9452    5784   -4.642680
48   17    8300    5849   -4.779083
48   18    14568    5833   -4.520861
48   19    14568    5833   -4.520861
48   20    14440    6121   -4.497442
48   21    14700    6142   -4.497490
48   22    9444    5850   -4.648999
48   23    14828    5833   -4.524616
48   24    14828    5833   -4.524616
48   25    11500    5824   -4.535486
49   1    14440    6123   -4.497308
49   2    14440    2027   -6.045652
49   3    14828    5849   -4.523117
49   4    15592    5833   -4.538812
49   5    14568    5837   -4.520511
49   6    14564    5833   -4.520808
49   7    9444    5850   -4.648999
49   8    11500    8144   -4.711406
49   9    8300    5849   -4.779083
49   10    9440    5850   -4.649350
49   11    14572    5833   -4.520914
49   12    14700    6142   -4.497490
49   13    14440    6121   -4.497442
49   14    14440    6123   -4.497308
49   15    11492    5786   -4.535643
49   16    14636    6142   -4.497074
49   17    14572    5833   -4.520914
49   18    11492    5850   -4.535805
49   19    9452    5786   -4.642847
49   20    11500    8144   -4.711406
49   21    9452    5784   -4.642680
49   22    8300    5849   -4.779083
49   23    14700    6138   -4.497779
49   24    11492    5842   -4.535772
49   25    14432    6123   -4.497270
50   1    14636    6142   -4.497074
50   2    14440    6123   -4.497308
50   3    14440    6123   -4.497308
50   4    14440    6123   -4.497308
50   5    14828    5849   -4.523117
50   6    14432    6123   -4.497270
50   7    11492    5842   -4.535772
50   8    14440    6123   -4.497308
50   9    11500    8145   -4.711550
50   10    11492    5842   -4.535772
50   11    15592    5833   -4.538812
50   12    14440    6121   -4.497442
50   13    11492    5842   -4.535772
50   14    8300    5849   -4.779083
50   15    14700    6138   -4.497779
50   16    11500    8144   -4.711406
50   17    14572    5833   -4.520914
50   18    9440    5850   -4.649350
50   19    14440    6123   -4.497308
50   20    9452    5786   -4.642847
50   21    14440    6123   -4.497308
50   22    14572    5833   -4.520914
50   23    14828    5849   -4.523117
50   24    12384    6123   -4.512355
50   25    14636    6142   -4.497074
51   1    14636    6142   0.000000
51   2    14636    6142   0.000000
51   3    14408    6123   0.000000
51   4    11492    5842   0.000000
51   5    11492    5842   0.000000
51   6    11492    5842   0.000000
51   7    14440    6122   0.000000
51   8    9440    5850   0.000000
51   9    10476    5849   0.000000
51   10    14828    5849   0.000000
51   11    14444    6123   0.000000
51   12    14700    6138   0.000000
51   13    11492    5843   0.000000
51   14    14828    5849   0.000000
51   15    10540    6142   0.000000
51   16    14432    6123   0.000000
51   17    14828    5849   0.000000
51   18    11492    5842   0.000000
51   19    11500    8145   0.000000
51   20    11500    8145   0.000000
51   21    14440    6089   0.000000
51   22    14440    6121   0.000000
51   23    10732    7897   0.000000
51   24    11494    5842   0.000000
51   25    14636    6142   0.000000
